a<-8680+0315