a<-1+88
b<-7676
