a<-1+88
