a<-1+666
